DayOfMonth DayOfWeek(firstletter) High(celsius) Low(celsius) ChanceOfPrecipitation     
1			w 						34				20			80					
2			t						31				25			83					
3			f 						32				24			70					
4			s 						32				21			67					
5			s 						29 				21			03					
6			m 						28				21			05					
7			t 						27				21			01					
8			w 						28				21		    20					
9			t  					 	26				23			15					
10			f   					27				22			00					
11			s 						29				22			00					
12			s   					28				23			40					
13			m 						30				21			20					
14			t 						32				21			39					
15			w 						29				21			33					
16			t 						29				21			04					
17			f 						29              20			29					
18			s 						27				22			00					
19			s 						26				22			00					
20			m   					29				22			89					
21			t     				    22				22			97					
22			w  						26				21			100					
23			t 						28				22			100					
24			f    					25				20			44					
25			s   					29				21			04					
26			s 						30				20			00					
27			m  						27				21			00					
28			t 						28				21			02					
29			w 						33				25			09					
30			t  						30				25			11